[LSTM]
TEST #1)
 - Prediction = [0, 1, 2, 3, 2, 3, 4, 2, 0, 0, 0, 2, 0, 0, 3, 0, 2, 0, 0, 0, 0, 3, 0, 2, 0, 4, 0, 0, 2, 3, 0, 0, 0, 0, 0, 0, 0, 3, 0, 3, 0, 0, 0, 3, 0, 0, 0, 6, 0, 0, 0, 0, 0, 0, 6, 2, 2, 3, 2, 0, 6, 2, 6, 0, 0, 0, 1, 2, 0, 0, 0, 0, 0, 2, 4, 0, 2, 0, 0, 0, 0, 2, 0, 0, 4, 0, 0, 4, 0, 3, 2, 1, 0, 3, 0, 0, 0, 6, 0, 0, 0, 0, 0, 0, 0, 2, 0, 6, 4, 3, 4, 0, 6, 2, 0, 0, 0, 0, 2, 3, 0, 0, 2, 0, 4, 0, 6, 0, 0, 0, 0, 0, 0, 0, 0, 4, 0, 6, 4, 0, 0, 0, 2, 0, 4, 0, 0, 0, 0, 2, 2, 3, 0, 4, 2, 0, 6, 4, 2, 0, 0, 0, 4, 1, 0, 2, 0, 2, 4, 0, 6, 0, 4, 0, 4, 0, 0, 0, 1, 3, 0, 0, 6, 0, 2, 0, 0, 0, 2, 2, 2, 2, 0, 0, 6, 0, 4, 2, 3, 3, 3, 6, 0, 0, 0, 4, 1, 0, 2, 0, 2, 4, 3, 0, 0, 6, 3, 0, 0, 0, 2, 2, 6, 4, 0, 0, 2, 4, 1, 2, 4, 0, 4, 0, 0, 2, 6, 2, 6, 0, 0, 0, 0, 2, 3, 4, 0, 0, 0, 0, 3, 3, 0, 2, 2, 2, 0, 3, 2, 0, 0, 0, 0, 4, 0, 4, 2, 0, 0, 0, 0, 2, 2, 0, 2, 0]
 - True = [0, 1, 2, 0, 2, 4, 0, 2, 3, 0, 2, 5, 0, 2, 3, 0, 2, 3, 0, 2, 0, 0, 2, 2, 0, 2, 3, 0, 0, 3, 0, 2, 1, 0, 0, 0, 3, 3, 0, 3, 2, 2, 0, 4, 0, 0, 0, 0, 0, 6, 6, 0, 3, 1, 6, 1, 2, 2, 4, 6, 6, 6, 4, 0, 0, 0, 3, 2, 2, 0, 0, 0, 6, 2, 0, 2, 2, 0, 2, 0, 2, 2, 0, 4, 0, 0, 2, 2, 0, 2, 2, 2, 1, 2, 4, 4, 2, 2, 0, 1, 6, 0, 6, 0, 2, 2, 0, 6, 4, 0, 6, 6, 6, 2, 0, 0, 6, 0, 2, 3, 0, 0, 3, 0, 4, 0, 4, 0, 0, 0, 0, 3, 4, 4, 3, 6, 0, 4, 4, 0, 1, 0, 2, 0, 4, 0, 0, 0, 0, 3, 2, 0, 0, 4, 2, 6, 2, 4, 2, 3, 0, 0, 4, 4, 4, 4, 0, 0, 4, 0, 6, 0, 0, 0, 4, 2, 1, 0, 1, 2, 0, 2, 2, 4, 2, 0, 0, 2, 2, 4, 2, 2, 6, 0, 6, 6, 0, 1, 3, 6, 2, 2, 0, 0, 0, 2, 1, 0, 6, 6, 2, 6, 0, 0, 3, 2, 3, 6, 2, 0, 6, 0, 4, 2, 0, 4, 5, 4, 1, 0, 2, 0, 3, 0, 0, 2, 0, 2, 6, 0, 0, 2, 1, 2, 6, 6, 0, 0, 2, 0, 0, 2, 0, 1, 2, 2, 2, 3, 3, 0, 0, 0, 0, 1, 0, 2, 2, 0, 3, 0, 1, 4, 2, 1, 2, 0]
 - Accuracy = 0.539855072464
TEST #2)
 - Prediction = [4, 0, 0, 0, 6, 0, 2, 0, 0, 0, 2, 6, 2, 0, 1, 2, 0, 0, 1, 0, 0, 2, 2, 3, 0, 3, 1, 0, 2, 0, 0, 3, 1, 0, 0, 0, 0, 0, 0, 6, 0, 3, 6, 2, 3, 0, 2, 3, 0, 2, 2, 0, 2, 0, 0, 0, 0, 3, 2, 0, 6, 0, 0, 2, 0, 0, 4, 5, 0, 2, 2, 0, 2, 0, 0, 0, 2, 0, 0, 0, 2, 0, 0, 0, 4, 0, 4, 6, 0, 0, 0, 0, 0, 0, 0, 0, 2, 0, 0, 2, 4, 2, 6, 3, 0, 2, 6, 0, 6, 0, 2, 3, 0, 2, 0, 2, 0, 4, 0, 0, 0, 2, 4, 0, 0, 2, 0, 0, 4, 2, 0, 0, 2, 0, 0, 0, 0, 2, 6, 0, 0, 6, 4, 0, 0, 3, 0, 0, 6, 0, 0, 6, 0, 0, 0, 0, 4, 0, 4, 2, 0, 2, 0, 0, 0, 2, 6, 2, 0, 0, 0, 4, 3, 0, 6, 6, 0, 0, 4, 0, 2, 2, 0, 2, 2, 0, 0, 1, 0, 2, 3, 0, 3, 0, 0, 0, 0, 1, 0, 0, 6, 6, 4, 0, 0, 0, 2, 2, 6, 0, 2, 0, 4, 2, 1, 0, 0, 0, 6, 0, 6, 2, 0, 0, 6, 2, 0, 0, 0, 1, 0, 0, 0, 6, 2, 3, 0, 0, 0, 0, 2, 0, 2, 0, 0, 4, 4, 0, 0, 2, 0, 3, 6, 2, 5, 0, 2, 0, 0, 4, 4, 2, 0, 2, 6, 6, 2, 0, 0, 0, 4, 0, 0, 2, 2, 2]
 - True = [0, 0, 0, 6, 0, 0, 2, 2, 3, 6, 1, 4, 2, 2, 1, 3, 0, 0, 1, 0, 0, 2, 2, 0, 0, 3, 1, 2, 1, 0, 0, 0, 3, 0, 0, 0, 3, 1, 0, 2, 0, 3, 2, 2, 0, 1, 0, 3, 1, 2, 0, 0, 2, 0, 0, 4, 0, 0, 6, 6, 3, 6, 0, 2, 1, 0, 3, 0, 2, 0, 4, 0, 4, 2, 2, 0, 2, 2, 0, 0, 3, 4, 0, 0, 0, 0, 4, 4, 0, 6, 6, 0, 0, 0, 0, 0, 2, 0, 0, 1, 4, 2, 4, 0, 0, 2, 0, 0, 5, 4, 0, 3, 6, 0, 6, 0, 0, 4, 0, 0, 0, 2, 2, 0, 0, 4, 0, 0, 0, 2, 2, 0, 1, 0, 2, 0, 0, 6, 4, 0, 6, 0, 0, 0, 0, 6, 2, 0, 0, 4, 0, 0, 0, 0, 4, 0, 6, 3, 0, 0, 0, 0, 0, 0, 2, 2, 0, 3, 0, 3, 0, 0, 0, 0, 6, 0, 2, 4, 2, 0, 6, 3, 0, 2, 3, 4, 0, 0, 3, 0, 0, 0, 6, 6, 0, 3, 0, 2, 0, 0, 4, 6, 2, 6, 0, 0, 0, 6, 0, 0, 0, 0, 2, 2, 0, 6, 6, 0, 2, 2, 2, 2, 0, 0, 0, 0, 0, 0, 0, 0, 1, 0, 0, 3, 0, 2, 0, 6, 0, 0, 0, 0, 6, 0, 0, 0, 3, 5, 0, 2, 4, 4, 4, 4, 4, 0, 2, 2, 0, 0, 4, 5, 0, 2, 6, 6, 2, 2, 2, 6, 4, 6, 0, 2, 2, 2]
 - Accuracy = 0.492753623188
TEST #3)
 - Prediction = [6, 6, 2, 0, 0, 0, 0, 4, 0, 0, 0, 2, 0, 2, 4, 0, 0, 2, 6, 4, 3, 0, 2, 2, 0, 6, 4, 2, 6, 0, 2, 0, 0, 0, 0, 4, 0, 0, 4, 0, 4, 2, 0, 4, 4, 0, 0, 0, 0, 0, 0, 0, 0, 0, 4, 0, 2, 6, 2, 0, 0, 2, 0, 0, 0, 2, 0, 0, 0, 0, 2, 6, 0, 0, 0, 0, 2, 0, 2, 2, 4, 6, 0, 0, 4, 0, 0, 0, 0, 0, 0, 0, 2, 0, 0, 0, 4, 0, 0, 2, 0, 0, 4, 0, 0, 0, 0, 0, 0, 2, 2, 0, 0, 6, 2, 2, 3, 3, 2, 2, 0, 0, 2, 0, 0, 3, 2, 0, 0, 2, 0, 2, 0, 2, 2, 0, 0, 2, 0, 0, 2, 0, 0, 0, 6, 2, 0, 0, 2, 0, 6, 0, 0, 3, 0, 0, 0, 2, 2, 0, 1, 0, 0, 0, 0, 0, 3, 4, 0, 0, 2, 0, 0, 0, 2, 0, 0, 0, 0, 4, 0, 0, 2, 2, 0, 4, 0, 6, 0, 0, 6, 0, 2, 0, 2, 0, 0, 2, 4, 0, 2, 0, 0, 2, 0, 0, 3, 0, 5, 5, 0, 0, 2, 2, 0, 0, 3, 6, 0, 2, 0, 5, 0, 2, 2, 6, 3, 6, 0, 2, 0, 6, 4, 0, 0, 6, 1, 0, 1, 4, 4, 0, 0, 0, 0, 1, 0, 0, 0, 4, 4, 0, 6, 0, 0, 0, 0, 1, 0, 4, 0, 0, 0, 0, 6, 0, 3, 2, 0, 0, 4, 2, 2, 0, 2, 0]
 - True = [4, 0, 4, 0, 6, 4, 4, 4, 4, 0, 0, 4, 6, 2, 4, 0, 0, 6, 0, 4, 0, 3, 6, 2, 2, 6, 4, 2, 6, 0, 6, 0, 0, 0, 1, 4, 3, 2, 2, 0, 2, 2, 6, 4, 6, 0, 0, 0, 0, 0, 0, 0, 2, 0, 4, 0, 2, 6, 0, 2, 0, 2, 3, 0, 0, 0, 0, 0, 3, 0, 4, 2, 0, 2, 0, 0, 2, 0, 2, 0, 2, 6, 3, 2, 4, 0, 0, 2, 0, 0, 3, 2, 0, 0, 0, 0, 1, 0, 2, 3, 1, 6, 2, 0, 0, 6, 6, 0, 0, 0, 0, 0, 6, 6, 2, 2, 3, 3, 3, 0, 2, 0, 2, 0, 0, 4, 2, 0, 2, 0, 0, 2, 3, 2, 0, 0, 2, 0, 0, 0, 0, 0, 0, 4, 2, 2, 2, 0, 2, 6, 6, 0, 0, 3, 0, 0, 0, 6, 2, 0, 4, 0, 0, 0, 0, 2, 0, 0, 2, 2, 6, 2, 0, 4, 2, 0, 0, 6, 5, 2, 0, 6, 6, 3, 5, 4, 0, 5, 4, 5, 6, 0, 3, 2, 4, 2, 0, 4, 3, 0, 2, 0, 6, 6, 6, 2, 6, 3, 5, 2, 6, 6, 3, 2, 6, 6, 0, 4, 0, 0, 0, 0, 0, 3, 3, 4, 5, 4, 0, 0, 0, 6, 4, 6, 0, 2, 4, 0, 2, 0, 2, 0, 0, 0, 6, 6, 0, 0, 0, 2, 0, 6, 1, 0, 0, 0, 3, 4, 0, 4, 0, 6, 0, 6, 0, 0, 0, 0, 0, 0, 2, 0, 0, 2, 2, 0]
 - Accuracy = 0.503623188406
TEST #4)
 - Prediction = [0, 0, 0, 0, 6, 2, 2, 0, 2, 6, 2, 0, 4, 0, 4, 2, 5, 0, 0, 0, 2, 6, 4, 2, 2, 2, 1, 6, 0, 6, 0, 0, 0, 6, 2, 2, 2, 2, 6, 2, 0, 3, 4, 6, 4, 4, 2, 0, 6, 2, 0, 4, 2, 0, 0, 6, 2, 4, 0, 4, 6, 0, 0, 2, 2, 0, 0, 6, 5, 2, 0, 0, 2, 0, 4, 0, 0, 4, 2, 2, 0, 6, 0, 0, 2, 3, 0, 6, 4, 4, 3, 0, 2, 0, 2, 3, 2, 6, 0, 4, 0, 0, 2, 0, 0, 6, 0, 4, 6, 6, 5, 4, 0, 4, 0, 4, 2, 0, 6, 4, 2, 3, 2, 6, 3, 0, 2, 6, 0, 0, 0, 4, 4, 2, 2, 0, 0, 3, 0, 1, 2, 0, 0, 0, 6, 4, 0, 4, 3, 6, 2, 4, 2, 0, 2, 2, 0, 4, 1, 4, 0, 0, 0, 0, 0, 2, 4, 0, 0, 0, 2, 0, 4, 0, 6, 0, 0, 2, 4, 4, 0, 2, 6, 4, 0, 0, 0, 0, 3, 0, 6, 4, 4, 0, 2, 0, 0, 4, 2, 2, 0, 0, 0, 4, 0, 2, 0, 1, 0, 2, 3, 0, 4, 0, 4, 4, 0, 0, 0, 0, 2, 0, 2, 0, 0, 0, 0, 0, 0, 0, 6, 0, 1, 0, 4, 0, 3, 1, 0, 0, 6, 2, 0, 3, 6, 0, 2, 6, 0, 3, 6, 1, 0, 0, 6, 1, 0, 2, 3, 2, 1, 3, 6, 0, 2, 2, 3, 2, 0, 4, 3, 0, 0, 6, 2, 4]
 - True = [0, 0, 3, 0, 2, 2, 2, 0, 0, 0, 0, 0, 2, 0, 2, 2, 2, 0, 4, 0, 2, 2, 3, 0, 2, 2, 0, 6, 0, 6, 4, 0, 2, 2, 0, 1, 0, 2, 0, 0, 0, 2, 3, 0, 2, 4, 2, 0, 0, 5, 0, 4, 4, 6, 0, 0, 2, 2, 0, 0, 0, 0, 0, 2, 5, 0, 0, 0, 0, 5, 2, 0, 2, 0, 4, 0, 2, 4, 5, 0, 0, 0, 0, 0, 0, 0, 4, 0, 6, 2, 0, 0, 0, 0, 5, 1, 4, 0, 0, 2, 0, 0, 4, 4, 0, 4, 0, 4, 0, 2, 5, 2, 0, 4, 2, 2, 2, 0, 4, 4, 0, 6, 2, 4, 2, 0, 2, 6, 0, 4, 4, 6, 6, 0, 0, 0, 0, 3, 0, 0, 0, 0, 0, 0, 6, 4, 0, 6, 0, 3, 6, 0, 0, 0, 2, 0, 0, 2, 0, 4, 2, 0, 0, 0, 0, 2, 4, 0, 0, 0, 0, 0, 4, 0, 0, 0, 0, 0, 6, 4, 2, 2, 4, 2, 0, 0, 0, 0, 4, 0, 3, 4, 4, 0, 0, 0, 0, 0, 0, 2, 0, 4, 0, 2, 0, 4, 0, 0, 0, 2, 2, 4, 4, 2, 6, 4, 0, 0, 0, 0, 4, 0, 4, 0, 4, 0, 0, 2, 0, 4, 0, 0, 6, 0, 0, 0, 2, 0, 2, 0, 6, 2, 3, 0, 2, 0, 2, 0, 0, 3, 3, 0, 6, 2, 6, 1, 0, 3, 3, 0, 1, 3, 6, 0, 2, 0, 0, 2, 0, 2, 3, 2, 0, 0, 2, 2]
 - Accuracy = 0.518115942029
TEST #5)
 - Prediction = [0, 6, 0, 2, 0, 2, 2, 0, 0, 0, 2, 0, 0, 3, 6, 0, 1, 0, 0, 1, 4, 2, 2, 0, 0, 0, 0, 0, 2, 2, 0, 0, 2, 1, 1, 3, 2, 3, 2, 3, 0, 0, 2, 0, 0, 0, 0, 2, 0, 3, 0, 2, 1, 0, 3, 2, 1, 0, 5, 6, 0, 0, 2, 0, 3, 2, 2, 0, 0, 4, 4, 1, 0, 4, 2, 0, 6, 0, 6, 2, 0, 6, 2, 0, 4, 5, 6, 2, 2, 1, 0, 0, 0, 2, 5, 6, 0, 2, 6, 0, 0, 6, 2, 0, 4, 2, 0, 0, 2, 0, 4, 4, 0, 3, 0, 0, 0, 0, 2, 3, 2, 0, 1, 2, 2, 0, 3, 0, 2, 1, 0, 6, 0, 0, 0, 0, 4, 0, 0, 4, 0, 0, 0, 6, 2, 2, 0, 0, 0, 0, 0, 0, 0, 0, 4, 2, 3, 2, 6, 2, 1, 4, 0, 0, 4, 0, 0, 0, 0, 0, 0, 0, 2, 0, 1, 0, 1, 0, 0, 0, 2, 0, 2, 2, 0, 0, 0, 0, 1, 2, 3, 0, 0, 2, 0, 0, 2, 2, 2, 2, 6, 0, 0, 2, 1, 3, 0, 0, 0, 0, 0, 0, 0, 0, 4, 6, 6, 3, 2, 0, 0, 0, 0, 0, 4, 4, 0, 4, 0, 0, 2, 0, 4, 0, 4, 2, 2, 0, 0, 0, 0, 2, 4, 0, 0, 0, 6, 2, 6, 5, 2, 0, 2, 0, 0, 0, 2, 4, 0, 0, 0, 0, 4, 4, 2, 0, 4, 0, 2, 0, 0, 0, 0, 0, 0, 2, 0, 6, 6, 2]
 - True = [0, 6, 6, 3, 2, 2, 6, 0, 4, 3, 3, 0, 0, 3, 0, 0, 0, 2, 0, 0, 0, 0, 2, 3, 0, 2, 0, 1, 2, 2, 0, 0, 3, 0, 6, 3, 2, 3, 4, 3, 3, 4, 2, 1, 2, 3, 1, 0, 0, 3, 0, 0, 0, 2, 3, 3, 2, 0, 0, 0, 2, 0, 2, 0, 4, 2, 0, 0, 0, 3, 4, 1, 2, 4, 2, 0, 6, 0, 2, 0, 4, 6, 0, 4, 4, 2, 6, 4, 0, 2, 0, 6, 1, 2, 4, 4, 2, 4, 6, 4, 0, 2, 4, 0, 4, 2, 4, 4, 2, 2, 2, 4, 6, 3, 0, 0, 0, 0, 2, 3, 2, 6, 1, 2, 0, 3, 3, 3, 2, 1, 1, 6, 0, 0, 2, 1, 0, 2, 6, 3, 6, 0, 0, 6, 6, 6, 0, 0, 0, 0, 0, 0, 0, 5, 0, 2, 3, 2, 0, 2, 1, 3, 6, 6, 3, 3, 3, 1, 6, 1, 6, 6, 2, 0, 0, 0, 6, 0, 3, 3, 3, 3, 2, 1, 2, 0, 0, 3, 1, 2, 3, 2, 0, 4, 0, 0, 2, 0, 4, 2, 6, 0, 2, 0, 2, 0, 0, 3, 1, 5, 6, 0, 6, 3, 4, 4, 6, 0, 2, 0, 2, 0, 6, 0, 4, 4, 0, 4, 2, 6, 2, 0, 2, 0, 4, 0, 6, 0, 0, 4, 2, 2, 2, 4, 0, 0, 0, 2, 6, 2, 2, 2, 2, 0, 0, 0, 2, 4, 6, 0, 6, 0, 4, 2, 0, 4, 6, 0, 2, 0, 0, 1, 5, 4, 4, 2, 0, 3, 6, 4]
 - Accuracy = 0.496428571429

* Total Accuracy = 0.510155279503